1	1	1386
1	2	1549
1	3	1585
1	4	1616
1	5	2053
1	6	2108
1	7	2390
1	8	2270
1	9	2377
1	10	2073
1	11	2464
1	12	1963
1	13	1953
1	14	1813
1	15	2030
1	16	1937
1	17	1911
1	18	2237
1	19	1999
1	20	1879
1	21	1974
1	22	1855
1	23	2004
1	24	1885
1	25	2011
1	26	2013
1	27	1910
1	28	2061
1	29	1933
1	30	1754
1	31	2139
2	1	32676
2	2	29418
2	3	29715
2	4	32075
2	5	28740
2	6	35238
2	7	28977
2	8	29207
2	9	24839
2	10	25450
2	11	28322
2	12	28473
2	13	25145
2	14	27676
2	15	34101
2	16	28913
2	17	27075
2	18	25578
2	19	26439
2	20	26766
2	21	26796
2	22	31540
2	23	28944
2	24	27107
2	25	26854
2	26	25154
2	27	25298
2	28	26003
3	1	27578
3	2	23682
3	3	25824
3	4	26537
3	5	24779
3	6	23395
3	7	24772
3	8	28479
3	9	24761
3	10	25880
3	11	25191
3	12	25477
3	13	24846
3	14	25165
3	15	27577
3	16	25931
3	17	25275
3	18	26832
3	19	27797
3	20	28508
3	21	26099
3	22	29917
3	23	25886
3	24	28088
3	25	30222
3	26	1749
3   27  0
3   28  0
3   29  0
3   30  0
3   31  0
4   1   0
4   2   0
4   3   0
4   4   0
4   5   0
4   6   0
4   7   0
4   8   0
4	9	23914
4	10	799
4   11  0
4   12  0
4   13  0
4   14  0
4	15	24990
4	16	26185
4	17	905
4   18  0
4   19  0
4   20  0
4   21  0
4   22  0
4   23  0
4   24  0
4	25	22648
4   26  0
4   27  0
4   28  0
4   29  0
4   30  0
5   1   0
5   2   0
5   3   0
5   4   0
5   5   0
5   6   0
5   7   0
5   8   0
5   9   0
5   10  0
5   11  0
5   12  0
5   13  0
5   14  0
5   15  0
5   16  0
5   17  0
5   18  0
5   19  0
5   20  0
5   21  0
5   22  0
5   23  0
5   24  0
5   25  0
5   26  0
5   27  0
5   28  0
5   29  0
5   30  0
5   31  0
6	1	27490
6	2	772
6   3   0
6   4   0
6   5   0
6   6   0
6   7   0
6   8   0
6   9   0
6   10  0
6   11  0
6   12  0
6	13	9109
6   14  0
6	15	19570
6	16	701
6   17  0
6   18  0
6   19  0
6   20  0
6   21  0
6   22  0
6   23  0
6   24  0
6   25  0
6   26  0
6   27  0
6	28	2051
6   29  0
6   30  0
7	1	0
7	2	0
7	3	0
7	4	0
7	5	0
7	6	0
7	7	0
7	8	0
7   9   0
7   10  0
7   11  0
7   12  0
7   13  0
7   14  0
7   15  0
7   16  0
7   17  0
7   18  0
7   19  0
7   20  0
7   21  0
7   22  0
7   23  0
7   24  0
7   25  0
7   26  0
7   27  0
7   28  0
7   29  0
7   30  0
7   31  0
8   1   0
8   2   0
8   3   0
8   4   0
8   5   0
8   6   0
8   7   0
8   8   0
8   9   0
8   10  0
8   11  0
8   12  0
8   13  0
8   14  0
8   15  0
8   16  0
8   17  0
8   18  0
8   19  0
8   20  0
8   21  0
8   22  0
8   23  0
8   24  0
8   25  0
8   26  0
8   27  0
8   28  0
8   29  0
8   30  0
8   31  0
9   1   0
9   2   0
9   3   0
9   4   0
9   5   0
9   6   0
9   7   0
9   8   0
9   9   0
9   10  0
9   11  0
9   12  0
9   13  0
9   14  0
9   15  0
9   16  0
9   17  0
9   18  0
9   19  0
9   20  0
9   21  0
9   22  0
9   23  0
9   24  0
9   25  0
9   26  0
9   27  0
9   28  0
9   29  0
9   30  0
10  1   0
10  2   0
10  3   0
10  4   0
10  5   0
10  6   0
10  7   0
10  8   0
10  9   0
10  10  0
10  11  0
10  12  0
10  13  0
10  14  0
10  15  0
10  16  0
10  17  0
10  18  0
10  19  0
10  20  0
10	21	0
10  22  0
10  23  0
10  24  0
10  25  0
10  26  0
10	27	18972
10	28	23752
10	29	20885
10	30	18592
10	31	20014
11	1	24061
11	2	283
11	3	0
11	4	0
11	5	0
11	6	0
11	7	0
11	8	0
11	9	0
11	10	0
11	11	0
11	12	0
11	13	0
11	14	0
11	15	34877
11	16	421
11	17	0
11	18	0
11	19	0
11	20	0
11	21	0
11	22	0
11	23	0
11	24	0
11	25	0
11	26	0
11	27	0
11	28	0
11	29	0
11	30	20017
12	1	20572
12	2	510
12	3	0
12	4	0
12	5	0
12	6	0
12	7	0
12	8	0
12	9	0
12	10	0
12	11	0
12	12	0
12	13	0
12	14	0
12	15	21409
12	16	20765
12	17	359
12	18	0
12	19	0
12	20	0
12	21	0
12	22	0
12	23	0
12	24	0
12	25	0
12	26	0
12	27	0
12	28	0
12	29	0
12	30	0
12	31	15569
