1	1	8489
1	2	9111
1	3	10005
1	4	10204
1	5	10193
1	6	11443
1	7	10628
1	8	10121
1	9	11456
1	10	12154
1	11	11538
1	12	10542
1	13	9948
1	14	10129
1	15	9339
1	16	10216
1	17	10635
1	18	9960
1	19	10868
1	20	11177
1	21	9804
1	22	8836
1	23	9910
1	24	11127
1	25	10491
1	26	9727
1	27	9964
1	28	10224
1	29	9620
1	30	10279
1	31	11435
2	1	11332
2	2	10384
2	3	10209
2	4	9913
2	5	8877
2	6	10096
2	7	12122
2	8	9501
2	9	10967
2	10	10764
2	11	11517
2	12	10837
2	13	11804
2	14	14282
2	15	10591
2	16	9526
2	17	10512
2	18	9799
2	19	10099
2	20	10493
2	21	11121
2	22	10187
2	23	11004
2	24	10115
2	25	10066
2	26	8856
2	27	11074
2	28	11915
2	29	12315
3	1	9724
3	2	9648
3	3	9472
3	4	9222
3	5	10624
3	6	10540
3	7	9458
3	8	8705
3	9	9227
3	10	9037
3	11	9328
3	12	9872
3	13	11490
3	14	9961
3	15	9612
3	16	12135
3	17	9807
3	18	8519
3	19	9624
3	20	11638
3	21	10090
3	22	11948
3	23	9653
3	24	9600
3	25	9185
3	26	8255
3	27	7464
3	28	9360
3	29	9683
3	30	9799
3	31	10851
4	1	9299
4	2	10135
4	3	12675
4	4	10836
4	5	9861
4	6	9285
4	7	10212
4	8	10380
4	9	9802
4	10	10272
4	11	9873
4	12	10746
4	13	10420
4	14	8993
4	15	9218
4	16	9998
4	17	13966
4	18	11789
4	19	9570
4	20	9879
4	21	9799
4	22	8639
4	23	9588
4	24	10290
4	25	10468
4	26	9281
4	27	9022
4	28	9156
4	29	9256
4	30	10566
5	1	12468
5	2	10722
5	3	10189
5	4	9443
5	5	9829
5	6	9355
5	7	10242
5	8	621
5	9	0
5	10	0
5	11	0
5	12	0
5	13	1
5   14  0
5   15  0
5   16  0
5   17  0
5   18  0
5   19  0
5   20  0
5   21  0
5   22  0
5   23  0
5   24  0
5   25  0
5   26  0
5   27  0
5   28  0
5   29  0
5   30  0
5   31  0
