1	1	14336
1	2	16867
1	3	15344
1	4	16192
1	5	16810
1	6	19775
1	7	17257
1	8	16739
1	9	18280
1	10	20381
1	11	19599
1	12	17562
1	13	16907
1	14	17776
1	15	16535
1	16	17198
1	17	18718
1	18	16892
1	19	17561
1	20	18880
1	21	16007
1	22	15010
1	23	17583
1	24	18647
1	25	18901
1	26	17657
1	27	16168
1	28	16261
1	29	16201
1	30	17443
1	31	19384
2   1   20849
2   2   72
2   3   0
2   4   0
2   5   0
2   6   0
2   7   0
2   8   0
2   9   0
2   10  0
2   11  0
2   12  0
2   13  0
2   14  0
2   15  20164
2   16  20648
2   17  78
2   18  0
2   19  0
2   20  0
2   21  0
2   22  0
2   23  0
2   24  0
2   25  0
2   26  0
2   27  0
2   28  0
2	29	24629
3	1	16303
3	2	15765
3	3	16113
3	4	14348
3	5	17617
3	6	18580
3	7	15127
3	8	15382
3	9	15686
3	10	15034
3	11	15094
3	12	16551
3	13	19025
3	14	15083
3	15	14836
3	16	16932
3	17	15132
3	18	14056
3	19	14036
3	20	18325
3	21	16951
3	22	20066
3	23	14922
3	24	14204
3	25	13764
3	26	11891
3	27	11413
3	28	13947
3	29	14085
3	30	14314
3	31	15578
4	1	14607
4	2	16732
4	3	19762
4	4	15518
4	5	15696
4	6	15888
4	7	17967
4	8	17318
4	9	16751
4	10	1095
4	11	0
4	12	0
4	13	1
4   14  0
4   15  0
4   16  0
4   17  0
4   18  0
4   19  0
4   20  0
4   21  0
4   22  0
4   23  0
4   24  0
4   25  0
4   26  0
4   27  0
4   28  0
4   29  0
4   30  0
5	1	0
5	2	0
5	3	0
5	4	0
5	5	0
5	6	0
5	7	0
5	8	0
5	9	0
5	10	0
5	11	0
5	12	0
5	13	0
5   14  0
5   15  0
5   16  0
5   17  0
5   18  0
5   19  0
5   20  0
5   21  0
5   22  0
5   23  0
5   24  0
5   25  0
5   26  0
5   27  0
5   28  0
5   29  0
5   30  0
5   31  0
