1	1	64
1	2	51
1	3	27
1	4	2581
1	5	2671
1	6	134
1	7	10844
1	8	10143
1	9	587
1	10	88
1	11	14273
1	12	14077
1	13	11840
1	14	12971
1	15	11154
1	16	471
1	17	100
1	18	12230
1	19	11927
1	20	12405
1	21	12134
1	22	10208
1	23	651
1	24	100
1	25	12823
1	26	13565
1	27	10297
1	28	11626
1	29	10335
1	30	617
1	31	96
2   1   14241
2   2   0
2   3   0
2   4   0
2   5   0
2   6   0
2   7   0
2   8   0
2   9   0
2   10  0
2   11  0
2   12  0
2   13  0
2   14  0
2   15  13017
2   16  11664
2   17  0
2   18  0
2   19  0
2   20  0
2   21  0
2   22  0
2   23  0
2   24  0
2   25  0
2   26  0
2   27  0
2   28  0
2	29	16124
3	1	10395
3	2	10216
3	3	10624
3	4	9437
3	5	419
3	6	133
3	7	11712
3	8	11035
3	9	10618
3	10	10498
3	11	10306
3	12	389
3	13	133
3	14	11454
3	15	11754
3	16	12192
3	17	12343
3	18	10758
3	19	347
3	20	109
3	21	14398
3	22	21871
3	23	12965
3	24	7370
3	25	3939
3	26	132
3	27	49
3	28	54
3	29	5903
3	30	9043
3	31	13322
4	1	11593
4	2	274
4	3	159
4	4	14070
4	5	13368
4	6	13419
4	7	14813
4	8	12047
4	9	560
4	10	140
4	11	14077
4	12	15392
4	13	1
4   14  0
4   15  0
4   16  0
4   17  0
4   18  0
4   19  0
4   20  0
4   21  0
4   22  0
4   23  0
4   24  0
4   25  0
4   26  0
4   27  0
4   28  0
4   29  0
4   30  0
5   1   0
5   2   0
5   3   0
5   4   0
5   5   0
5   6   0
5   7   0
5   8   0
5   9   0
5   10  0
5   11  0
5   12  0
5   13  0
5   14  0
5   15  0
5   16  0
5   17  0
5   18  0
5   19  0
5   20  0
5   21  0
5   22  0
5   23  0
5   24  0
5   25  0
5   26  0
5   27  0
5   28  0
5   29  0
5   30  0
5   31  0
