1	1	2505
1	2	175
1	3	0
1	4	0
1	5	0
1	6	0
1	7	0
1	8	0
1	9	0
1	10	0
1	11	0
1	12	0
1	13	0
1   14  0
1   15  7311
1   16  4807
1   17  179
1   18  0
1   19  0
1   20  0
1   21  0
1   22  0
1   23  0
1   24  0
1   25  0
1   26  0
1   27  0
1   28  0
1   29  0
1   30  0
1   31  5234
2	1	1714
2	2	1236
2	3	1304
2	4	1164
2	5	1089
2	6	680
2	7	858
2	8	1301
2	9	1354
2	10	1262
2	11	1483
2	12	1367
2	13	868
2	14	935
2	15	1241
2	16	1166
2	17	1327
2	18	1174
2	19	1112
2	20	729
2	21	814
2	22	1422
2	23	1355
2	24	1321
2	25	1183
2	26	1070
2	27	762
2	28	820
2	29	1588
3	1	1188
3	2	1189
3	3	1281
3	4	1091
3	5	733
3	6	731
3	7	1230
3	8	1322
3	9	1211
3	10	1108
3	11	1261
3	12	724
3	13	784
3	14	1233
3	15	1125
3	16	1413
3	17	1214
3	18	1108
3	19	720
3	20	852
3	21	1470
3	22	1940
3	23	1373
3	24	1155
3	25	1023
3	26	401
3	27	387
3	28	484
3	29	1186
3	30	1151
3	31	1315
4	1	6776
4	2	4237
4	3	5161
4	4	7800
4	5	7853
4	6	6993
4	7	7537
4	8	7536
4	9	4090
4	10	4918
4	11	7759
4	12	8080
4	13	7664
4	14	7185
4	15	6583
4	16	4111
4	17	5932
4	18	8974
4	19	7837
4	20	7475
4	21	8108
4	22	6807
4	23	3702
4	24	3978
4	25	4321
4	26	7672
4	27	8138
4	28	7194
4	29	7456
4	30	4785
5	1	6292
5	2	643
5	3	0
5	4	0
5	5	0
5	6	0
5	7	0
5	8	0
5	9	0
5	10	0
5	11	0
5	12	0
5	13	0
5   14  0
5   15  0
5   16  0
5   17  0
5   18  0
5   19  0
5   20  0
5   21  0
5   22  0
5   23  0
5   24  0
5   25  0
5   26  0
5   27  0
5   28  0
5   29  0
5   30  0
5   31  0
