1	1	9733
1	2	10244
1	3	11196
1	4	11590
1	5	11409
1	6	12907
1	7	11922
1	8	11158
1	9	13064
1	10	13666
1	11	13074
1	12	11828
1	13	11244
1	14	11415
1	15	10610
1	16	11463
1	17	11856
1	18	11162
1	19	12289
1	20	12508
1	21	11127
1	22	9842
1	23	11219
1	24	12580
1	25	11994
1	26	11026
1	27	11158
1	28	11667
1	29	11067
1	30	11958
1	31	13164
2	1	12941
2	2	11919
2	3	11447
2	4	11330
2	5	10181
2	6	11461
2	7	13693
2	8	10646
2	9	12361
2	10	12218
2	11	13097
2	12	12530
2	13	13413
2	14	16231
2	15	12068
2	16	10819
2	17	11868
2	18	11397
2	19	11333
2	20	11854
2	21	12671
2	22	11541
2	23	12525
2	24	11597
2	25	11356
2	26	10142
2	27	12644
2	28	13388
2	29	14000
3	1	11275
3	2	11056
3	3	10868
3	4	10312
3	5	12008
3	6	11980
3	7	10654
3	8	9782
3	9	10412
3	10	10126
3	11	10554
3	12	11136
3	13	13003
3	14	11216
3	15	10786
3	16	13601
3	17	11077
3	18	9506
3	19	10951
3	20	13186
3	21	11361
3	22	13338
3	23	10780
3	24	10530
3	25	10347
3	26	9176
3	27	8329
3	28	10593
3	29	10905
3	30	10967
3	31	12048
4	1	10531
4	2	11479
4	3	14357
4	4	12135
4	5	11096
4	6	10316
4	7	11503
4	8	11646
4	9	11102
4	10	11598
4	11	11087
4	12	12013
4	13	11513
4	14	10033
4	15	10288
4	16	11083
4	17	15555
4	18	13112
4	19	10689
4	20	11122
4	21	11174
4	22	9568
4	23	10927
4	24	11447
4	25	11822
4	26	10411
4	27	10277
4	28	10345
4	29	10307
4	30	11724
5	1	13937
5	2	12019
5	3	11469
5	4	10700
5	5	10858
5	6	10210
5	7	11397
5	8	681
5   9   0
5   10  0
5   11  0
5   12  0
5   13  0
5   14  0
5   15  0
5   16  0
5   17  0
5   18  0
5   19  0
5   20  0
5   21  0
5   22  0
5   23  0
5   24  0
5   25  0
5   26  0
5   27  0
5   28  0
5   29  0
5   30  0
5   31  0
