1   1   0
1   2   0
1   3   0
1   4   0
1   5   0
1   6   0
1   7   0
1   8   0
1   9   0
1   10  0
1   11  0
1   12  0
1   13  0
1   14  0
1   15  0
1   16  0
1   17  0
1   18  0
1   19  0
1   20  0
1   21  0
1   22  0
1   23  0
1   24  0
1   25  0
1   26  0
1   27  0
1   28  0
1   29  0
1   30  0
1   31  0
2   1   0
2   2   0
2   3   0
2   4   0
2   5   0
2   6   0
2   7   0
2   8   0
2   9   0
2   10  0
2   11  0
2   12  0
2   13  0
2   14  0
2   15  0
2   16  0
2   17  0
2   18  0
2   19  0
2	20	17009
2	21	779
2	22	119
2	23	18013
2	24	15843
2	25	15550
2	26	14445
2	27	15662
2	28	540
3	1	134
3	2	2
3   3   0
3   4   0
3   5   0
3   6   0
3   7   0
3   8   0
3   9   0
3   10  0
3   11  0
3   12  0
3	13	19202
3	14	277
3	15	5
3	16	20939
3	17	1
3   18  0
3   19  0
3   20  0
3   21  0
3   22  0
3   23  0
3   24  0
3   25  0
3	26	23060
3   27  0
3   28  0
3   29  0
3   30  0
3   31  0
4   1   0
4   2   0
4   3   0
4	4	195
4	5	101
4	6	74
4	7	9070
4	8	15068
4	9	11898
4	10	18195
4	11	710
4	12	195
4	13	20285
4	14	21549
4	15	19961
4	16	21662
4	17	18898
4	18	836
4	19	266
4	20	18132
4	21	14470
4	22	21501
4	23	21184
4	24	22769
4	25	296
4	26	360
4	27	22257
4	28	20784
4	29	19972
4	30	18669
5	1	375
5	2	610
5	3	351
5	4	20856
5	5	21221
5	6	19299
5	7	17174
5	8	18600
5	9	731
5	10	248
5	11	22104
5	12	20544
5	13	16607
5	14	22158
5	15	16577
5	16	718
5	17	116
5	18	20863
5	19	20374
5	20	19697
5	21	20649
5	22	18065
5	23	740
5	24	260
5	25	20271
5	26	19450
5	27	19169
5	28	17393
5	29	15655
5	30	662
5	31	165
6	1	8301
6	2	235
6	3	20654
6	4	18538
6	5	17184
6	6	738
6	7	220
6	8	20988
6	9	19115
6	10	15304
6	11	18461
6	12	16386
6	13	844
6	14	259
6	15	16408
6	16	15911
6	17	16555
6	18	8808
6	19	16311
6	20	857
6	21	219
6	22	12002
6	23	16379
6	24	962
6	25	17860
6	26	14977
6	27	313
6	28	129
6	29	5173
6	30	18003
7	1	17343
7	2	19006
7	3	17661
7	4	711
7	5	94
7	6	20579
7	7	10927
7	8	103
7   9   0
7   10  0
7   11  0
7   12  0
7   13  0
7   14  0
7   15  0
7   16  0
7   17  0
7   18  0
7   19  0
7   20  0
7   21  0
7   22  0
7   23  0
7   24  0
7   25  0
7   26  0
7   27  0
7   28  0
7   29  0
7   30  0
7   31  0
8   1   0
8   2   0
8   3   0
8   4   0
8   5   0
8   6   0
8   7   0
8   8   0
8   9   0
8   10  0
8   11  0
8   12  0
8   13  0
8   14  0
8   15  0
8   16  0
8   17  0
8   18  0
8   19  0
8   20  0
8   21  0
8   22  0
8   23  0
8   24  0
8   25  0
8   26  0
8   27  0
8   28  0
8   29  0
8   30  0
8   31  0
9   1   0
9   2   0
9   3   0
9   4   0
9   5   0
9   6   0
9   7   0
9   8   0
9   9   0
9   10  0
9   11  0
9   12  0
9   13  0
9   14  0
9   15  0
9   16  0
9   17  0
9   18  0
9   19  0
9   20  0
9   21  0
9   22  0
9   23  0
9   24  0
9   25  0
9   26  0
9   27  0
9   28  0
9   29  0
9   30  0
10  1   0
10  2   0
10  3   0
10  4   0
10  5   0
10  6   0
10  7   0
10  8   0
10  9   0
10  10  0
10  11  0
10  12  0
10  13  0
10  14  0
10  15  0
10  16  0
10  17  0
10  18  0
10  19  0
10  20  0
10  21  15878
10  22  0
10  23  0
10  24  0
10  25  0
10  26  0
10  27  0
10  28  0
10  29  0
10  30  0
10  31  584
11	1	138
11	2	14084
11	3	13882
11	4	13309
11	5	13599
11	6	11992
11	7	312
11	8	125
11	9	14937
11	10	14541
11	11	13323
11	12	12425
11	13	11952
11	14	1051
11	15	103
11	16	19867
11	17	15364
11	18	16504
11	19	13661
11	20	12521
11	21	438
11	22	120
11	23	14217
11	24	14942
11	25	12455
11	26	12673
11	27	10869
11	28	307
11	29	143
11	30	12656
12	1	12712
12	2	13179
12	3	14050
12	4	11191
12	5	377
12	6	140
12	7	4943
12	8	177
12	9	13842
12	10	11930
12	11	10376
12	12	484
12	13	163
12	14	15497
12	15	13112
12	16	13142
12	17	12872
12	18	10817
12	19	376
12	20	87
12	21	12030
12	22	10383
12	23	7314
12	24	1178
12	25	21
12	26	21
12	27	57
12	28	2473
12	29	2619
12	30	1636
12	31	563
