1	1	2012
1	2	2400
1	3	2080
1	4	2074
1	5	3519
1	6	3415
1	7	8762
1	8	7889
1	9	8033
1	10	3549
1	11	3975
1	12	7514
1	13	6711
1	14	6591
1	15	6563
1	16	6504
1	17	3270
1	18	3491
1	19	6644
1	20	6379
1	21	6858
1	22	6422
1	23	5917
1	24	3028
1	25	3387
1	26	7637
1	27	7449
1	28	6791
1	29	7217
1	30	6713
1	31	4514
2	1	4580
2	2	7397
2	3	7785
2	4	7450
2	5	6941
2	6	6437
2	7	3162
2	8	3485
2	9	7188
2	10	6501
2	11	6898
2	12	6623
2	13	6584
2	14	3407
2	15	3546
2	16	6876
2	17	7055
2	18	6766
2	19	6419
2	20	5568
2	21	2860
2	22	3123
2	23	6311
2	24	6118
2	25	5658
2	26	6068
2	27	6369
2	28	3014
3	1	3080
3	2	74
3   3   0
3   4   0
3   5   0
3   6   0
3   7   0
3   8   0
3   9   0
3   10  0
3   11  0
3   12  7118
3	13	6973
3	14	91
3	15	0
3	16	0
3	17	1
3   18  0
3   19  0
3   20  0
3   21  0
3   22  0
3   23  0
3   24  0
3   25  7905
3	26	0
3   27  0
3   28  0
3   29  0
3   30  0
3   31  0
4   1   0
4   2   0
4   3   0
4   4   0
4   5   0
4   6   0
4   7   0
4   8   0
4	9	300
4	10	323
4	12	290
4	13	7031
4	14	6427
4	15	6700
4	16	6302
4	17	6289
4	18	3625
4	19	3981
4	20	6871
4	21	6693
4	22	6299
4	23	6387
4	24	6186
4	25	3329
4	26	4382
4	27	7831
4	28	6448
4	29	6511
4	30	6161
5	1	3815
5	2	3277
5	3	3731
5	4	7271
5	5	7337
5	6	6794
5	7	6635
5	8	5995
5	9	3025
5	10	2872
5	11	7212
5	12	6646
5	13	6363
5	14	8022
5	15	7118
5	16	3530
5	17	3370
5	18	7674
5	19	7059
5	20	6341
5	21	7978
5	22	6741
5	23	3591
5	24	3984
5	25	7362
5	26	6794
5	27	6716
5	28	6923
5	29	6348
5	30	2799
5	31	2854
6   1   4886
6   2   6
6   3   0
6   4   0
6   5   0
6   6   0
6   7   0
6   8   0
6   9   0
6   10  0
6   11  0
6   12  0
6   13  0
6   14  0
6   15  7646
6   16  23
6   17  0
6   18  0
6   19  0
6   20  0
6   21  0
6   22  0
6   23  0
6   24  0
6   25  0
6   26  0
6   27  0
6   28  0
6   29  0
6   30  6230
7   1   6193
7   2   5
7   3   0
7   4   0
7   5   0
7   6   0
7   7   0
7   8   0
7   9   0
7   10  6339
7   11  2582
7   12  18
7   13  0
7   14  0
7   15  7646
7   16  23
7   17  0
7   18  0
7   19  0
7   20  6272
7   21  6102
7   22  65
7   23  0
7   24  0
7   25  0
7   26  0
7   27  0
7   28  0
7   29  0
7   30  0
7	31	4091
8   1   0
8   2   1505
8   3   3942
8   4   4187
8   5   4143
8   6   3718
8   7   0
8   8   0
8   9   0
8   10  0
8   11  0
8   12  0
8   13  0
8   14  0
8   15  0
8   16  0
8   17  0
8   18  0
8   19  0
8   20  0
8   21  0
8   22  0
8   23  0
8   24  0
8   25  0
8   26  0
8   27  0
8   28  0
8   29  0
8   30  0
8   31  0
9   1   0
9	2	341
9	3	5378
9	4	4897
9	5	2278
9	6	2582
9	7	5881
9	8	5230
9	9	5635
9	10	5753
9	11	6216
9	12	2930
9	13	3413
9	14	5985
9	15	5997
9	16	6298
9	17	4973
9	18	4922
9	19	2225
9	20	2919
9	21	5900
9	22	5839
9	23	6186
9	24	6160
9	25	5575
9	26	2798
9	27	3534
9	28	5839
9	29	6031
9	30	5596
10	1	2851
10	2	2593
10	3	1456
10	4	1761
10	5	2708
10	6	2633
10	7	2628
10	8	2676
10	9	2506
10	10	1396
10	11	1276
10	12	2855
10	13	2742
10	14	2618
10	15	2769
10	16	2535
10	17	1496
10	18	1592
10	19	2844
10	20	2454
10	21	2963
10	22	3147
10	23	2676
10	24	1486
10	25	1953
10	26	3426
10	27	3486
10	28	3299
10	29	3094
10	30	2977
10	31	1510
11	1	3148
11	2	6609
11	3	5892
11	4	5953
11	5	5424
11	6	5832
11	7	2945
11	8	3367
11	9	6262
11	10	6262
11	11	6219
11	12	4952
11	13	5325
11	14	6260
11	15	4844
11	16	8689
11	17	7226
11	18	7889
11	19	6610
11	20	6591
11	21	3885
11	22	3792
11	23	6346
11	24	6738
11	25	5990
11	26	5980
11	27	5068
11	28	3547
11	29	3183
11	30	5978
12	1	5469
12  2   0
12	3	2103
12	4	5826
12	5	3690
12	6	2958
12	7	4594
12	8	4338
12	9	6118
12	10	6302
12	11	5252
12	12	3872
12	13	4728
12	14	6966
12	15	6614
12	16	5996
12	17	5808
12	18	5606
12	19	3300
12	20	3892
12	21	6166
12	22	5723
12	23	5427
12	24	2922
12	25	2361
12	26	2414
12	27	2621
12	28	5266
12	29	3813
12	30	3481
12	31	2025
