1	1	1016
1	2	1168
1	3	1163
1	4	1213
1	5	1517
1	6	1571
1	7	1816
1	8	1712
1	9	1794
1	10	1586
1	11	1818
1	12	1474
1	13	1477
1	14	1401
1	15	1531
1	16	1418
1	17	1405
1	18	1627
1	19	1533
1	20	1416
1	21	1472
1	22	1392
1	23	1482
1	24	1424
1	25	1459
1	26	1518
1	27	1409
1	28	1519
1	29	1408
1	30	1262
1	31	1508
2	1	24299
2	2	21961
2	3	22303
2	4	24426
2	5	21676
2	6	26864
2	7	21524
2	8	21429
2	9	18816
2	10	19186
2	11	21253
2	12	21617
2	13	18303
2	14	20256
2	15	25304
2	16	21708
2	17	20296
2	18	18872
2	19	20036
2	20	19887
2	21	19344
2	22	23330
2	23	21676
2	24	20061
2	25	20176
2	26	18217
2	27	18956
2	28	19232
3	1	20248
3	2	17647
3	3	18979
3	4	20072
3	5	18533
3	6	17706
3	7	17795
3	8	20943
3	9	19003
3	10	19689
3	11	18877
3	12	19367
3	13	18746
3	14	19144
3	15	20363
3	16	19586
3	17	19174
3	18	20679
3	19	20963
3	20	21398
3	21	19822
3	22	23142
3	23	19799
3	24	21443
3	25	23452
3	26	1368
3   27  0
3   28  0
3   29  0
3   30  0
3   31  0
4	1	0
4	2	0
4	3	0
4	4	0
4	5	0
4	6	0
4	7	0
4	8	0
4	9	18389
4	10	587
4	11	0
4	12	0
4	13	0
4   14  0
4   15  19456
4   16  20118
4   17  652
4   18  0
4   19  0
4   20  0
4   21  0
4   22  0
4   23  0
4   24  0
4   25  17499
4   26  0
4   27  0
4   28  0
4   29  0
4   30  0
5   1   0
5   2   0
5   3   0
5   4   0
5   5   0
5   6   0
5   7   0
5   8   0
5   9   0
5   10  0
5   11  0
5   12  0
5   13  0
5   14  0
5   15  0
5   16  0
5   17  0
5   18  0
5   19  0
5   20  0
5   21  0
5   22  0
5   23  0
5   24  0
5   25  0
5   26  0
5   27  0
5   28  0
5   29  0
5   30  0
5   31  0
6   1   21997
6   2   664
6   3   0
6   4   0
6   5   0
6   6   0
6   7   0
6   8   0
6   9   0
6   10  0
6   11  0
6   12  0
6   13  7655
6   14  0
6   15  16651
6   16  573
6   17  0
6   18  0
6   19  0
6   20  0
6   21  0
6   22  0
6   23  0
6   24  0
6   25  0
6   26  0
6   27  0
6   28  1572
6   29  0
6   30  0
6   31  0
7	1	0
7	2	0
7	3	0
7	4	0
7	5	0
7	6	0
7	7	0
7	8	0
7   9   0
7   10  0
7   11  0
7   12  0
7   13  0
7   14  0
7   15  0
7   16  0
7   17  0
7   18  0
7   19  0
7   20  0
7   21  0
7   22  0
7   23  0
7   24  0
7   25  0
7   26  0
7   27  0
7   28  0
7   29  0
7   30  0
7   31  0
8   1   0
8   2   0
8   3   0
8   4   0
8   5   0
8   6   0
8   7   0
8   8   0
8   9   0
8   10  0
8   11  0
8   12  0
8   13  0
8   14  0
8   15  0
8   16  0
8   17  0
8   18  0
8   19  0
8   20  0
8   21  0
8   22  0
8   23  0
8   24  0
8   25  0
8   26  0
8   27  0
8   28  0
8   29  0
8   30  0
8   31  0
9   1   0
9   2   0
9   3   0
9   4   0
9   5   0
9   6   0
9   7   0
9   8   0
9   9   0
9   10  0
9   11  0
9   12  0
9   13  0
9   14  0
9   15  0
9   16  0
9   17  0
9   18  0
9   19  0
9   20  0
9   21  0
9   22  0
9   23  0
9   24  0
9   25  0
9   26  0
9   27  0
9   28  0
9   29  0
9   30  0
10  1   0
10  2   0
10  3   0
10  4   0 
10  5   0
10  6   0
10  7   0
10  8   0
10  9   0
10  10  0
10  11  0
10  12  0
10  13  0
10  14  0
10  15  0
10  16  0
10  17  0
10  18  0
10  19  0
10  20  0
10  21  0
10  22  0
10  23  0
10  24  0
10  25  0
10  26  0
10  27  16523
10  28  20920
10  29  18464
10  30  16455
10  31  17760
11  1   21313
11  2   268
11  3   0
11  4   0
11  5   0
11  6   0
11  7   0
11  8   0
11  9   0
11  10  0
11  11  0
11  12  0
11  13  0
11  14  0
11  15  30629
11  16  369
11  17  0
11  18  0
11  19  0
11  20  0
11  21  0
11  22  0
11  23  0
11  24  0
11  25  0
11  26  0
11  27  0
11  28  0
11  29  0
11  30  17471
12  1   18397
12  2   458
12  3   0
12  4   0
12  5   0
12  6   0
12  7   0
12  8   0
12  9   0
12  10  0
12  11  0
12  12  0
12  13  0
12  14  0
12  15  19207
12  16  18612
12  17  302
12  18  0
12  19  0
12  20  0
12  21  0
12  22  0
12  23  0
12  24  0
12  25  0
12  26  0
12  27  0
12  28  0
12  29  0
12  30 17471
12  31 13764
